1864
8038
4286
4574
8709
3462
8235
9526
1094
9902
4296
193
7246
9760
9459
7661
38
1964
6732
7868
789
1206
8988
4863
5747
4082
7140
8744
2650
4772
3316
4299
2004
3609
9568
6064
2738
2925
5333
447
4671
5899
2285
5781
915
5759
3603
6761
1742
4673
5687
539
7729
3954
4327
7996
4063
9743
4043
5163
9749
1301
8858
6557
5211
2173
5118
4370
9222
8110
2120
4828
1492
9376
4335
5810
291
9284
9757
7868
5544
5237
2532
4147
6475
3339
4423
3405
9533
2728
8947
4314
6690
1164
3979
8525
6391
9141
3521
4624
9463
5825
7031
4992
94
6405
5098
2892
7632
7177
3614
7587
8444
1563
4679
1233
8225
7589
1373
2409
4365
4942
5270
7702
4747
7566
123
4520
4114
6057
2466
5444
1613
2560
104
6884
3481
9769
2356
2506
2944
4752
1813
4980
5371
7771
5858
7982
457
6111
7738
4020
4804
2908
1079
2676
7666
1494
8873
8194
9762
6380
7798
4888
149
3095
1332
3839
8902
393
702
4570
4052
30
943
950
9577
1241
423
1435
7635
9333
6172
9955
2171
424
4035
5242
3008
7184
2204
3173
9188
3784
9079
8893
7831
1603
1549
2833
